0000000001000000010000001000000010000000100000000000000100000100000000000000001000000010000001000000  1
0000000001000000010000001000000100000000000100000010000000000000001000000000001000000100000010000000  1
0000000001000000010000001000000100000000000100000010000000000000001000000000001000100000000000010000  1
0000000001000000010001000000000001000000100000000000000010000000000010000001000000100000000000100000  1
0000000001000000100000001000000100000000000000010010000000000010000000000000001000000100000001000000  1
0000000001000000100000010000001000000000000000001001000000000000010000000000010000100000000000100000  1
0000000001000000100000010000001000000000000000010001000000000000000010000001000000100000000000100000  1
0000000001000000100000010000001000000000000010000001000000000000000010000001000000000001000010000000  1
0000000001000000100000010000001000000000001000000000000000100000010000000000010000001000000100000000  1
0000000001000000100000010000001000000000001000000000000001000000010000010000000000000000100000100000  1
0000000001000000100000010000001000000000001000000000000100000000000010010000000000000001000000100000  1
0000000001000000100001000000000000010000001000000010000000000000000100000010000000000000100001000000  1
0000000001000000100001000000000001000000000000001010000000000000000100000010000000100000000000010000  1
0000000001000000100001000000000001000000100000000000000001000000100000000000001000000100000010000000  1
0000000001000000100010000000000001000000010000000000000001000000010000000000001000100000000000100000  1
0000000001000001000000010000000000000010100000000000100000000000001000010000000000000001000000100000  1
0000000001000001000000010000001000000000000000100000000000100100000000000000010000001000000010000000  1
0000000001000001000000100000000000000010000100000010000000000000000100010000000000001000000000001000  1
0000000001000001000000100000001000000000000000010000010000000000000010000000100000001000000100000000  1
0000000001000001000000100000001000000000000100000000000010000000000010010000000000001000000000000100  1
0000000001000001000010000000000000100000010000000000000000100000001000000100000000000001000010000000  1
0000000001000010000000000010000001000000100000000000000001000100000000000000001000000100000010000000  1
0000000001000010000000000010000001000000100000000000100000000000000010000001000000000001000100000000  1
0000000001000010000000000010000100000000000100000000000001001000000000000000001000000100000010000000  1
0000000001000010000000000010001000000000000100000001000000000000000100000001000000000000100010000000  1
0000000001000010000000100000000000000010000100000001000000000000000100000001000010000000000000001000  1
0000000001000010000000100000000000000100000100000001000000000000000010000001000010000000000000001000  1
0000000001000010000000100000000000010000000000001001000000000000000100100000000000010000000000001000  1
0000000001000010000000100000001000000000000000100001000000000000000100000001000000010000000000000010  1
0000000001000010000001000000000000000100001000000000000010000000000010100000000000000100000001000000  1
0000000001000010000001000000000000000100100000000000010000000000001000000000001000000100000010000000  1
0000000001000010000001000000000000010000100000000000100000000000001000000000001000010000000000000100  1
0000000001000010000001000000000001000000000000001000000010000010000000100000000000000100000000000100  1
0000000001000010000010000000000000000100000100000001000000000000001000000000001000000100000010000000  1
0000000001000100000000000000100000100000001000000010000000000000001000010000000000000001000000010000  1
0000000001000100000000000010000000100000010000000000000000101000000000000001000000000001000010000000  1
0000000001000100000000000010001000000000001000000000000000100000010000000000010000001000000100000000  1
0000000001000100000000000100000000000010001000000010000000000000000100010000000000001000000000001000  1
0000000001000100000000000100000010000000000000001001000000000000100000000000010010000000000000001000  1
0000000001000100000001000000000000000010000010000010000000000000000100000001000000100000000000001000  1
0000000001000100000001000000000000000010001000000000000100000000000100100000000000001000000000001000  1
0000000001000100000001000000000000000100001000000000000000100000001000000010000010000000000000010000  1
0000000001000100000001000000000000100000000000010010000000000010000000000001000000000000100000001000  1
0000000001000100000010000000000000100000000000001001000000000000010000000000010000100000000000001000  1
0000000001001000000000000000100001000000010000000000000001000000010000100000000000000010000000100000  1
0000000001001000000000000000100001000000100000000000000001000000010000010000000000000010000000100000  1
0000000001001000000000000000100100000000000010000000000001001000000000000000100000010000000000010000  1
0000000001001000000000000010000001000000010000000000000000100000010000100000000000001000000000000100  1
0000000001001000000000000010000001000000010000000000000000100000100000100000000000000001000000010000  1
0000000001001000000000000010000100000000000100000000000001001000000000000010000000000000100000010000  1
0000000001001000000000000100000000000010010000000000000001001000000000000100000000000010000000100000  1
0000000001001000000000001000000000000010000100000010000000000000001000010000000000000100000000000100  1
0000000001001000000000001000000000000010010000000000010000000000001000100000000000000001000000010000  1
0000000001001000000000001000000000000100010000000000000000100000001000100000000000010000000000010000  1
0000000001001000000000001000000000000100010000000000000000100000010000100000000000000010000001000000  1
0000000001001000000000001000000100000000000000010010000000000000001000000100000000000100000000000010  1
0000000001001000000010000000000001000000000000100000000000100100000000000010000000000001000000010000  1
0000000001010000000000000100001000000000001000000000000010000000000010000100000000000001000000100000  1
0000000001010000000000001000000000000010000100000010000000000000000100000001000000100000000000001000  1
0000000001010000000000001000000000000100100000000000100000000000010000000000001000000010000001000000  1
0000000001010000000000010000000000000010000000100000100000001000000000000001000000000001000000100000  1
0000000001010000000000010000000000000100001000000000000000100000010000100000000000001000000000001000  1
0000000001100000000000000100000001000000010000000000000001000010000000000000001000000010000000100000  1
0000000001100000000000010000000000010000001000000000000000100100000000000000010000001000000000001000  1
0000000010000000100000001000000010000000100000000000000000010000000100000001000000010000000100000000  1
0000000010000000100000100000000000000100010000000000001000001000000000000000000100010000000000010000  1
0000000010000000100000100000001000000000000001000001000000000000100000000000000100000001000001000000  1
0000000010000000100001000000000001000000000001000010000000000000000001000010000000100000000000000100  1
0000000010000000100010000000000001000000010000000000001000000000000100000000000100100000000000010000  1
0000000010000001000000010000000000000001100000000000001000000100000000000000010000100000000000001000  1
0000000010000001000000010000000000001000100000000000000001000100000000000010000000100000000000000001  1
0000000010000001000000010000000100000000000000100000100000000000000001000000010000001000001000000000  1
0000000010000001000000100000000000000001000100000010000000000000000100000010000000000010000100000000  1
0000000010000001000000100000000000001000000100000010000000000000000100000000000100001000000100000000  1
0000000010000001000000100000000000100000000000010010000000000001000000000000000100000010000100000000  1
0000000010000001000000100000000000100000010000000000000001000000000001000000100000010000001000000000  1
0000000010000001000000100000000000100000010000000000000001000000000001000100000000000010001000000000  1
0000000010000001000000100000001000000000000000010000001000000100000000000000000100000010000001000000  1
0000000010000001000001000000000000000001100000000000000010000001000000000000010000100000000000100000  1
0000000010000001000001000000000000001000100000000000100000000000100000000000010000000000010001000000  1
0000000010000001000010000000000010000000000000000100000010000001000000000000010000001000000100000000  1
0000000010000010000000000001000001000000100000000000000000010100000000000001000000100000000000001000  1
0000000010000010000000000001000001000000100000000000100000000000010000000000000100000010000100000000  1
0000000010000010000000000001001000000000001000000000000100000100000000000000100000000000010001000000  1
0000000010000010000000100000000000000100000000000101000000000000010000100000000000000010000001000000  1
0000000010000010000000100000000000000100000100000000000010001000000000000000000101000000000000010000  1
0000000010000010000001000000000000000001001000000000000100000000000100100000000000010000000000001000  1
0000000010000010000001000000000001000000100000000000000000010000000100000001000000100000000000001000  1
0000000010000010000010000000000000000100000100000001000000000000001000000000000100000100000010000000  1
0000000010000100000000000100000000000100010000000000000010001000000000001000000000001000000000000001  1
0000000010000100000000000100000010000000000000000100000010001000000000000000010000001000000100000000  1
0000000010000100000001000000000000000100001000000010000000000000001000000010000000000000010000010000  1
0000000010000100000010000000000000001000000000000100100000000000010000000000010000001000000100000000  1
0000000010000100000010000000000000100000000000000101000000000000010000000000010000100000000000001000  1
0000000010000100000010000000000000100000000000010000000000010000001000001000000000000100000100000000  1
0000000010001000000000000001000100000000000100000000000100001000000000000000000100001000000000001000  1
0000000010001000000000000100000100000000000000000100001000001000000000000000010000010000000000001000  1
0000000010001000000000001000000100000000000000010000000000010000001000000100000000000100001000000000  1
0000000010001000000010000000000000000100010000000000001000000000001000000000000100010000000000010000  1
0000000010001000000010000000000000001000000000000100000100000100000000000010000000000001000001000000  1
0000000010010000000000000000010010000000000001000000000001001000000000000100000000000010000000100000  1
0000000010010000000000000001000010000000100000000000000010000000100000000000000100000100000001000000  1
0000000010010000000000000001001000000000000100000000000010000000000001000001000000100000000000100000  1
0000000010010000000000000100001000000000000000000100000010000000100000001000000000000001000001000000  1
0000000010010000000000001000000000000001000000010010000000000001000000000000100000100000000000010000  1
0000000010010000000000001000000000000100100000000000000010000000000001001000000000000100000001000000  1
0000000010010000000000001000000010000000100000000000000000010000000100000001000000010000000000001000  1
0000000010010000000000010000000000000100100000000000100000000000010000000000000100000010000000100000  1
0000000010010000000000010000001000000000000000100000000000010000010000001000000000001000000000000100  1
0000000010100000000000000001000001000000010000000000000010000000000001000001000000100000000000100000  1
0000000010100000000000010000000000001000000000000100000001000100000000000010000000100000000000010000  1
0000000010100000000000100000000000000100000001000001000000000000000001000010000000000010000001000000  1
0000000100000000000100001000000100000000000001000010000000000010000000000000100000000000100001000000  1
0000000100000001000000000000100010000000100000000000010000000000001000000000000101000000000000100000  1
0000000100000001000000000000100100000000000010000010000000000001000000000000100000000000010010000000  1
0000000100000001000000010000001000000000000000100000001000000000000001010000000000000000100010000000  1
0000000100000001000000100000000000000001010000000000000010000000000010000100000010000000000000100000  1
0000000100000001000000100000000000000010010000000000010000000000000001000000100000001000001000000000  1
0000000100000001000001000000000000000001000010000010000000000001000000000000001000000010000010000000  1
0000000100000001000001000000000000000010100000000000010000000000001000000000000100100000000000100000  1
0000000100000001000001000000000000001000000000000110000000000010000000000010000000000000100001000000  1
0000000100000001000001000000000000001000000010000010000000000000000010000100000000000000010010000000  1
0000000100000001000001000000000000001000100000000000010000000000000010000010000000100000000000000001  1
0000000100000001000010000000000010000000000000100000000000100001000000010000000000001000000000000001  1
0000000100000010000000000000101000000000000000000101000000000000010000001000000000000010000001000000  1
0000000100000010000000000010001000000000000000000101000000000000010000001000000000000000100001000000  1
0000000100000010000000100000000000000001000000100000010000001000000000000000001001000000000000010000  1
0000000100000010000000100000000000010000000000000100000010001000000000000100000001000000000000000010  1
0000000100000010000000100000001000000000000000000101000000000000010000000000001000000010000001000000  1
0000000100000010000000100000001000000000000000100000000000010000010000000000001001000000000001000000  1
0000000100000010000001000000000000000001000000100000010000001000000000000000001000000100000010000000  1
0000000100000010000001000000000000000001000000100000010000001000000000001000000000000000100000010000  1
0000000100000010000001000000000000000001001000000000000010000000000010000100000000000100001000000000  1
0000000100000010000001000000000000000001100000000000000100000001000000000000001000000010000010000000  1
0000000100000010000001000000000000000010000000100000010000001000000000001000000000000000010000010000  1
0000000100000010000001000000000000000010000000100000010000001000000000001000000000000100000000000001  1
0000000100000010000001000000000000000010001000000000000000010000001000000100000000000100001000000000  1
0000000100000010000001000000000000010000001000000000000000010000001000000000001000010000001000000000  1
0000000100000010000001000000000001000000000000000100000010000000000010000001000000100000001000000000  1
0000000100000010000001000000000001000000000000001000000010000010000000000000000100000100001000000000  1
0000000100000010000001000000000001000000000000100000000000010010000000000000001000000100001000000000  1
0000000100000010000010000000000000010000000000001001000000000001000000000000100000000000010010000000  1
0000000100000010000010000000000000010000000000001001000000000001000000000000100000100000000000000001  1
0000000100000010000010000000000001000000000000001000000010000010000000000000000100000100000100000000  1
0000000100000100000000000000100000001000001000000010000000000000010000010000000000001000000000000001  1
0000000100000100000000000000100010000000000010000000000000011000000000000001000001000000000000001000  1
0000000100000100000000000000101000000000001000000000001000000000001000010000000000000000010000010000  1
0000000100000100000001000000000000001000000000000100000100001000000000000000001000001000000010000000  1
0000000100000100000001000000000000001000000010000000000000011000000000000000001000000100000010000000  1
0000000100000100000010000000000000001000010000000000000000010000010000000000001000100000000000100000  1
0000000100001000000000000000100001000000000000000110000000000000010000010000000000001000000000001000  1
0000000100001000000000000010000001000000010000000000000000100000010000000000000100001000001000000000  1
0000000100001000000000001000000000000001010000000000000000100000010000000100000000000010001000000000  1
0000000100001000000000001000000000000001100000000000000100000001000000010000000000000010000000000010  1
0000000100001000000000001000000000000010010000000000000100000000000001000000100010000000000001000000  1
0000000100001000000000001000000000000010100000000000000100000000000001000000100001000000000001000000  1
0000000100001000000000001000000100000000000000000110000000000000010000000100000000000000100000001000  1
0000000100001000000000001000000100000000000000001000000100000000000001000000100000010000001000000000  1
0000000100001000000010000000000000000001000010000000000000100000010000000100000001000000000000001000  1
0000000100001000000010000000000000001000010000000000000000010000010000000100000000000000100000100000  1
0000000100010000000000000000100010000000000001000000010000001000000000000000000100001000000000001000  1
0000000100010000000000000000101000000000000001000000010000000000000001000000100000001000000010000000  1
0000000100010000000000001000000010000000000000001000000010000000000001000100000000000100001000000000  1
0000000100010000000000001000001000000000000000001000010000000000000001000000100000100000000000010000  1
0000000100100000000000000000100100000000000010000000000010000000000001001000000000000100000001000000  1
0000000100100000000000000010000001000000010000000000000000100000100000001000000000000000010000010000  1
0000000100100000000000000010000100000000000000000100000100000001000000000000001000001000000010000000  1
0000000100100000000000001000000000000010010000000000000100000000000001001000000000000010000001000000  1
0000000100100000000000001000000000000010010000000000010000000000001000001000000000000000010000010000  1
0000000100100000000000010000000000000010000000100000000000010010000000000001000001000000000000100000  1
0000000100100000000000010000000000001000000000000100000100000000000010010000000000001000000010000000  1
0000000100100000000000010000000000001000000000001001000000000000100000000000000100000100000010000000  1
0000000100100000000000010000000000010000000000000101000000000000100000001000000000000000100000001000  1
0000000100100000000000010000000100000000000000000100000100000000000010001000000000001000000000001000  1
0000000100100000000000100000000000000001000001000000000000100000100000010000000000010000000000001000  1
0000000100100000000000100000000000000010000000100001000000000001000000000001000000000000010000100000  1
0000000100100000000000100000000000010000000000001000000010000000000001000100000001000000000000100000  1
0000001000000000000100000100000010000000100000000000000001000001000000010000000000000000100000100000  1
0000001000000000000100010000000100000000000000001000100000000000010000000000010010000000000000100000  1
0000001000000000000100010000001000000000000010000000000000100100000000000001000000000001000010000000  1
0000001000000000000100100000000000100000000000001010000000000001000000010000000000000001000000010000  1
0000001000000000000100100000001000000000000000001000001000000000000100010000000000010000000000010000  1
0000001000000000001000000100000010000000100000000000000001000000100000010000000000010000000000000001  1
0000001000000000001000000100000100000000000000000110000000000010000000000010000000000001000001000000  1
0000001000000000001000010000000000010000100000000000000000010100000000000010000000100000000000000100  1
0000001000000000001000010000000100000000000010000000000001000000000001100000000000100000000000010000  1
0000001000000000001000010000001000000000000010000000000000010100000000000001000000000001000010000000  1
0000001000000000001000100000000000000100010000000000010000000000010000100000000000000000010000100000  1
0000001000000000001000100000000000010000010000000000000000010000100000100000000000000001000001000000  1
0000001000000000001000100000000000100000010000000000000000010000010000000100000010000000000000000100  1
0000001000000000001000100000001000000000000000000100000001000000100000010000000000010000000000010000  1
0000001000000000001000100000001000000000000100000000000001000000100000010000000000000000010000010000  1
0000001000000000001001000000000000010000100000000000100000000000100000000000010000000000010001000000  1
0000001000000000001001000000000000100000000000010010000000000010000000000000000100000100000001000000  1
0000001000000000001001000000000000100000100000000000010000000000000001000000010000000100000010000000  1
0000001000000000001010000000000000100000010000000000000100000010000000000000000100000001000001000000  1
0000001000000010000000000000010100000000000100000000000001000010000000000000001000000100001000000000  1
0000001000000010000000000000011000000000000001000000010000000100000000000000010000100000000000000010  1
0000001000000010000000000000011000000000000100000000000100000010000000000000001001000000000000000100  1
0000001000000010000000000001000100000000000000001000100000000000010000000100000010000000000000000001  1
0000001000000010000000000001001000000000000000001000010000000100000000000000000100100000000000010000  1
0000001000000010000000000001001000000000000100000000000000010010000000000001000000000000100100000000  1
0000001000000010000000000001001000000000000100000000000100000000000010010000000000000000010010000000  1
0000001000000010000000100000000000000010000001000000000000010100000000000100000010000000000000000100  1
0000001000000010000000100000001000000000000000001000010000000000000100000000000101000000000000010000  1
0000001000000010000000100000001000000000000000001000010000000100000000000000000100000001000000010000  1
0000001000000010000001000000000000000100000000000100100000000000000010000001000000010000001000000000  1
0000001000000010000001000000000000000100100000000000010000000000000010001000000000000100000000000001  1
0000001000000010000001000000000000000100100000000000100000000000000010000001000000010000000000000001  1
0000001000000010000001000000000000010000100000000000000000010000000100001000000000000000100001000000  1
0000001000000010000001000000000000010000100000000000000000010001000000000000001000100000000000000100  1
0000001000000010000010000000000000000100000000000100100000000000010000000000001001000000000001000000  1
0000001000000010000010000000000000000100000001000000100000000000000010010000000000010000000000000001  1
0000001000000010000010000000000000010000000000001000100000000000000100000100000001000000000000000001  1
0000001000000010000010000000000000010000000100000000000000010000000100001000000000000000100100000000  1
0000001000000100000000000000010000100000000000001010000000000010000000000000010000000100000100000000  1
0000001000000100000000000000010000100000010000000000000000100010000000000001000000000001001000000000  1
0000001000000100000000000001000000100000000000001010000000000000000001010000000000000100000010000000  1
0000001000000100000000000001001000000000000010000000000000010100000000000001000000100000000000000010  1
0000001000000100000000000001001000000000000010000000000000100100000000000001000000000000010010000000  1
0000001000000100000000000100000000000100000000000110000000000010000000000010000001000000000000000010  1
0000001000000100000000000100001000000000000000001000001000000010000000000000010000000000010100000000  1
0000001000000100000001000000000000000010000001000000100000000000000001000000010010000000000000100000  1
0000001000000100000001000000000000000010000010000000000000010000000100000001000000100000001000000000  1
0000001000000100000001000000000000100000000000001000000100000000000001001000000010000000000000000100  1
0000001000000100000001000000000000100000000000001010000000000000000001000000010000000100000010000000  1
0000001000000100000001000000000000100000000000010000000000010010000000000001000000000000101000000000  1
0000001000000100000010000000000000000010000001000000100000000000000001000000010000001000000100000000  1
0000001000000100000010000000000000000100000001000000100000000000000001010000000000000000100000100000  1
0000001000000100000010000000000000000100000001000000100000000000000001010000000000001000000000000010  1
0000001000000100000010000000000000000100010000000000000000100000010000001000000000001000000000000001  1
0000001000001000000000000000010000010000010000000000000000100000100000100000000000000001000001000000  1
0000001000001000000000000000010000010000100000000000000000100000100000000000010001000000000001000000  1
0000001000001000000000000000010100000000000000001000000100000001000000100000000000000001000000100000  1
0000001000001000000000000000010100000000000010000000000000100001000000100000000000000001000000010000  1
0000001000001000000000000001000000010000000100000010000000000000000001000010000000000000100100000000  1
0000001000001000000000000001000000010000010000000000000000010000100000100000000000000000100001000000  1
0000001000001000000000000001000000010000010000000000000000010000100000100000000000010000000000000010  1
0000001000001000000000000001000000010000010000000000000000100000100000100000000000010000000000000001  1
0000001000001000000000000001000000010000100000000000000000010100000000000010000000000000100001000000  1
0000001000001000000000000001000100000000000010000010000000000000000001000100000000000100000000000010  1
0000001000001000000000000001000100000000000100000010000000000000000001000010000000000000100000010000  1
0000001000001000000000000100000000000010000010000010000000000001000000000000000100000001000100000000  1
0000001000001000000000000100000000000010100000000000000000010001000000010000000000000001000000100000  1
0000001000001000000000000100000000000100000000000110000000000000000010000010000001000000000001000000  1
0000001000001000000000000100000000000100000000000110000000000001000000010000000000001000000000000010  1
0000001000001000000000000100000000000100100000000000001000000000000010010000000000010000000000000001  1
0000001000001000000000000100000000000100100000000000010000000000000010000010000001000000000000000001  1
0000001000001000000000000100000100000000000000000110000000000000000010000010000000000001000001000000  1
0000001000001000000000000100000100000000000000000110000000000001000000000000010000001000000000000010  1
0000001000001000000010000000000000000100000010000000000000100000010000000000000101000000000001000000  1
0000001000001000000010000000000000010000000000001000001000000000000001000000010000010000000100000000  1
0000001000010000000000000000010000010000100000000000000000100000100000001000000000000001000001000000  1
0000001000010000000000000001000000100000000000001010000000000000000001000100000000000100000010000000  1
0000001000010000000000000001000010000000100000000000000000010000100000000000001000000100000001000000  1
0000001000010000000000000001001000000000000000001000010000000000010000000000000100100000000000100000  1
0000001000010000000000000100000000000010100000000000000000010000100000001000000000000001000001000000  1
0000001000010000000000000100000000000100000000000110000000000001000000000000001000001000000010000000  1
0000001000010000000000000100000010000000000000000100000001000000100000000000001000010000001000000000  1
0000001000010000000000000100001000000000000000000100001000000010000000000000001000010000000000000100  1
0000001000010000000000010000000000000100000000000100001000000000000010000001000010000000000010000000  1
0000001000010000000000010000000000010000000000001000001000000000000001100000000000100000000000000100  1
0000001000100000000000000000010100000000000010000000000001000001000000000000001000100000000000010000  1
0000001000100000000000000001000000100000010000000000000000100010000000000001000000010000000000000001  1
0000001000100000000000000100000000000010010000000000010000000000000100001000000000001000000000000001  1
0000001000100000000000000100000000000100010000000000010000000000000010001000000000001000000000000001  1
0000001000100000000000010000000000000010000010000000000001000000000001001000000000000100000100000000  1
0000001000100000000000010000000000010000000000001000100000000000000001000000010001000000000000100000  1
0000001000100000000000100000000000010000000000010000000000010000100000000000001001000000000001000000  1
0000001000100000000000100000000000010000000000010000000000010001000000000000001000001000000100000000  1
0000010000000000000100000010000100000000000100000000000000101000000000000000010000001000000010000000  1
0000010000000000000100001000000000001000100000000000100000000000000100010000000000010000000000000010  1
0000010000000000000100100000000000001000000100000001000000000000000010000010000010000000000000000100  1
0000010000000000000100100000000000100000000000001001000000000001000000000000100010000000000000000100  1
0000010000000000000100100000000000100000000000010001000000000000000010000000100010000000000001000000  1
0000010000000000000100100000001000000000000000010000001000000100000000000000001000000010000001000000  1
0000010000000000000100100000001000000000000100000000000010000000000010010000000000001000000000000100  1
0000010000000000000101000000000000001000000010000000100000001000000000000000001000010000000000000100  1
0000010000000000000101000000000000100000000000010000010000001000000000001000000000000000100000001000  1
0000010000000000001000000010000100000000000000010000100000001000000000000100000000000000010000100000  1
0000010000000000001000000010001000000000000100000001000000000000000001000000010000100000000000100000  1
0000010000000000001000000010001000000000000100000001000000000000100000000000010000000000010010000000  1
0000010000000000001000001000000000000001100000000000010000000100000000000000010000100000000000001000  1
0000010000000000001000001000000000000100100000000000010000000100000000000000100000000000010010000000  1
0000010000000000001000001000001000000000000000010000010000000100000000000000100000100000000000000001  1
0000010000000000001000100000001000000000000000010001000000000000100000000000100000000000010001000000  1
0000010000000000001000100000001000000000000100000000000001000000000001010000000000000010000000100000  1
0000010000000000001000100000001000000000000100000000000010000000000001010000000000001000000000000100  1
0000010000000000001001000000000000000001000000010000100000001000000000000100000000000010000000100000  1
0000010000000000001010000000000001000000000000100000000000010000000100010000000000001000000010000000  1
0000010000000000010000000000010100000000000100000000000000101000000000001000000000001000000000001000  1
0000010000000000010000000000011000000000000100000001000000000000001000000000001000100000000000100000  1
0000010000000000010000001000000100000000000000001000000010000001000000100000000000100000000000000001  1
0000010000000000010000001000000100000000000000001000100000000000000001000000100000010000001000000000  1
0000010000000000010000001000000100000000000100000000000000010000001000000000001000100000001000000000  1
0000010000000000010000001000001000000000000100000000000000100000001000001000000000000000010100000000  1
0000010000000000010000001000001000000000000100000000000010000000000001001000000000000000100100000000  1
0000010000000000010000100000000000001000000100000000000000011000000000000000001000001000000100000000  1
0000010000000000010000100000000000100000000000001001000000000000000001000000100000010000001000000000  1
0000010000000000010000100000001000000000000000001000000010000000000001000100000001000000000000100000  1
0000010000000000010001000000000000001000000000001000100000001000000000000100000000000000010000100000  1
0000010000000000010001000000000000001000100000000000100000000000100000000000001000010000000000000001  1
0000010000000000010001000000000000100000001000000000000000100000001000000000000100010000001000000000  1
0000010000000000010001000000000000100000100000000000000000100001000000000000000100000010000010000000  1
0000010000000000010001000000000001000000000000001000000010000000000001100000000000100000000000100000  1
0000010000000000010001000000000001000000100000000000000000100000100000001000000000000000010000001000  1
0000010000000000010010000000000000001000000100000001000000000000000010000010000000100000000000000001  1
0000010000000000010010000000000000100000000000001001000000000001000000000000100000100000000000000001  1
0000010000000000010010000000000000100000000000100001000000000000000001001000000000000000100001000000  1
0000010000000000010010000000000001000000000000001000001000000100000000000000000100100000000000001000  1
0000010000000000010010000000000001000000000000100000000000010100000000000000001000001000000010000000  1
0000010000000100000000000000010000001000000010000001000000000000000100100000000000100000000000000010  1
0000010000000100000000000000010000100000001000000000000000100000001000010000000000000001001000000000  1
0000010000000100000000000000011000000000000010000001000000000000000100001000000000000010000000000010  1
0000010000000100000000000000100000100000001000000000000000010000001000010000000000000001001000000000  1
0000010000000100000000000000101000000000001000000000000000010000001000010000000000000001000000100000  1
0000010000000100000000000000101000000000001000000000000010000000000001000000010001000000000000100000  1
0000010000000100000000000010000000000001000000010000100000001000000000000000001001000000000000100000  1
0000010000000100000000000010000000000001001000000000000000100100000000000010000000000001001000000000  1
0000010000000100000000000010000000000001001000000000001000000000000100100000000000000000100100000000  1
0000010000000100000000000010001000000000000000010000001000000100000000000000001000100000000000000001  1
0000010000000100000001000000000000000001000000010000100000001000000000000000001000000010000000100000  1
0000010000000100000001000000000000000100000010000000000000101000000000001000000000000000010000001000  1
0000010000000100000001000000000000000100001000000000000000100000001000000010000000000000011000000000  1
0000010000000100000001000000000000000100001000000000000010000000000001100000000000000000100000100000  1
0000010000000100000001000000000000001000000000001000100000001000000000000000010000000000010000100000  1
0000010000000100000001000000000000100000000000010000000000011000000000001000000000000000100000001000  1
0000010000000100000010000000000000001000000000001001000000000000000100000010000000100000000000000001  1
0000010000000100000010000000000000100000000000010000000000010010000000000000100000000000100100000000  1
0000010000001000000000000000010000000100000010000001000000000001000000100000000000000010000000000010  1
0000010000001000000000000000010000001000000010000001000000000000000010100000000000000001000001000000  1
0000010000001000000000000000010100000000000100000000000000101000000000000000010000001000000000001000  1
0000010000001000000000000000100000001000100000000000000000010100000000000010000000000001000001000000  1
0000010000001000000000000000100000001000100000000000010000000100000000000010000000000001000000000001  1
0000010000001000000000000000100001000000000000010000000000010100000000000000100000001000001000000000  1
0000010000001000000000000000100001000000000000010000001000000100000000000000000110000000000000001000  1
0000010000001000000000000000100001000000100000000000000001000000000001010000000000000010000000100000  1
0000010000001000000000000000100100000000000010000000000001000000000001000000100000010000001000000000  1
0000010000001000000000000010000000000001000000010001000000000001000000100000000000000000100000100000  1
0000010000001000000000000010000000000001000100000000000000101000000000000010000001000000000000000100  1
0000010000001000000000000010000001000000100000000000000001000000000001000010000001000000000000000010  1
0000010000001000000000000010000100000000000100000000000001000000000001000010000000000000101000000000  1
0000010000001000000000001000000000000001000000010000010000000100000000000000100000000000101000000000  1
0000010000001000000000001000000000000100100000000000000000100001000000010000000000000010000000000001  1
0000010000001000000000001000000100000000000000010000000000010000001000000100000010000000000000000010  1
0000010000001000000010000000000000000001000000010000001000000100000000000100000000000000100000001000  1
0000010000010000000000000000010000000100000100000000000000101000000000001000000000001000000000001000  1
0000010000010000000000000000010000001000000000001000100000001000000000000100000000000001000000100000  1
0000010000010000000000000000011000000000000000100000010000000000000100001000000000001000000000000010  1
0000010000010000000000000000011000000000000100000000000001000010000000000000001000000010000000100000  1
0000010000010000000000000000100000001000001000000000000000010000000100000010000010000000000001000000  1
0000010000010000000000000000100000100000001000000000000001000000000001000000100000010000001000000000  1
0000010000010000000000000000101000000000000000010000001000000010000000000000000100000010000001000000  1
0000010000010000000000000000101000000000000100000000000010000000000001001000000000001000000000000100  1
0000010000010000000000000010000000100000100000000000000000100001000000000000000100000001000010000000  1
0000010000100000000000000000010000100000000000100000000000100010000000000000010001000000000001000000  1
0000010000100000000000000010000000000001000000010000100000000000000010000100000001000000000000100000  1
0000010000100000000000000010000000000001000000010001000000000001000000000000001000100000000000100000  1
0000010000100000000000000010000100000000000000010000100000000000000010000100000000000000010000100000  1
0000010000100000000000001000000000001000000000001000010000000100000000000000010000000000010010000000  1
0000010000100000000000001000000000001000000000001000100000000000000100010000000000010000000000000001  1
0000010000100000000000100000000000000001000000010001000000000001000000000000001000000010000000100000  1
0000100000000000000100000001001000000000001000000000000000100000001000010000000000010000000000010000  1
0000100000000000000100000100000001000000010000000000000001000010000000000000001000000010001000000000  1
0000100000000000000100000100000001000000010000000000000010000000000010001000000010000000000000000100  1
0000100000000000000100010000000000000010001000000000000001000100000000000000100010000000000000010000  1
0000100000000000000100010000001000000000001000000000000000100000001000010000000000000001000000010000  1
0000100000000000000100010000001000000000001000000000000001000100000000000000100000000000100000010000  1
0000100000000000000110000000000000010000000100000001000000000000000100001000000000000000100000001000  1
0000100000000000001000010000000000010000000000000101000000000000001000100000000000100000000000000100  1
0000100000000000001001000000000000000001000000100000010000001000000000000000010000000100000010000000  1
0000100000000000001001000000000000000001001000000000000100000000000100100000000000010000000000001000  1
0000100000000000001001000000000000010000000000010000100000001000000000000100000000000010000000000001  1
0000100000000000001001000000000001000000000000010010000000000010000000000001000000000000010000001000  1
0000100000000000001010000000000000000001000000100000100000000000000100010000000000010000000000010000  1
0000100000000000001010000000000000000001000100000000000010000010000000000000010000000100000100000000  1
0000100000000000001010000000000001000000010000000000000001000000000001000000100000100000000000010000  1
0000100000000000001010000000000010000000000000100001000000000000000001000000010000000100000001000000  1
0000100000000000010000000000011000000000001000000000000100000000000010000000100001000000000001000000  1
0000100000000000010000000100000000000010001000000010000000000001000000000000100000000000010100000000  1
0000100000000000010000000100000010000000000000000101000000000000001000000000001000010000001000000000  1
0000100000000000010000000100001000000000001000000000000010000000000010000100000001000000000000000001  1
0000100000000000010000010000000000000010000000100000100000001000000000000001000001000000000000000001  1
0000100000000000010000010000000000001000000000000100100000001000000000000001000000000000100100000000  1
0000100000000000010000010000001000000000000000100001000000000000000001000001000000000000100010000000  1
0000100000000000010000010000001000000000001000000000000000100000001000000000000101000000000000010000  1
0000100000000000010001000000000000000010000001000000100000001000000000000100000000000010000000000001  1
0000100000000000010001000000000000001000000000000100100000001000000000000000001000010000000000010000  1
0000100000000000010001000000000000001000001000000000000100000000000010100000000000000000010001000000  1
0000100000000000010001000000000000001000001000000010000000000000000010000100000000000100000000000001  1
0000100000000000010001000000000001000000000000000100000010000000000010000001000000100000001000000000  1
0000100000000000010001000000000001000000000000000110000000000000000010000001000000100000000000001000  1
0000100000000000010010000000000000000010000000100001000000000000000001001000000000000100000001000000  1
0000100000000000010010000000000001000000000001000000000000100100000000000000000100100000000000001000  1
0000100000000000010010000000000010000000000001000000000000100000001000000000000100010000000100000000  1
0000100000000000100000000000010000010000001000000010000000000000000100000100000001000000000000000010  1
0000100000000000100000000000010001000000010000000000000000100010000000000001000000000001001000000000  1
0000100000000000100000000000100000010000001000000010000000000000000001000000010001000000000001000000  1
0000100000000000100000000000100001000000010000000000000001000000000001001000000010000000000000010000  1
0000100000000000100000000000100010000000000000010000010000001000000000000000000101000000000000010000  1
0000100000000000100000000000100010000000000000010001000000000001000000000001000010000000000000000001  1
0000100000000000100000000000100010000000000001000001000000000000000001000000010010000000000001000000  1
0000100000000000100000000000101000000000001000000000000001000000000001010000000000010000000000010000  1
0000100000000000100000010000000000000001001000000000000100000000000010010000000000000001001000000000  1
0000100000000000100000010000001000000000000000010000000100000010000000000000000101000000000000000010  1
0000100000000000100000010000001000000000000000010001000000000000000010000001000000100000000000000001  1
0000100000000000100000010000001000000000001000000000000001000000000001010000000000000000100000010000  1
0000100000000000100001000000000000000001000000010000010000001000000000001000000000000000100000010000  1
0000100000000000100001000000000000000001000000010010000000000001000000000000001000100000000000010000  1
0000100000000000100001000000000000010000000000010010000000000001000000000000001000100000000000000001  1
0000100000000000100010000000000000000001000001000000000000100010000000000000010000010000000100000000  1
0000100000000000100010000000000000010000000000010001000000000001000000000000001000100000000000000001  1
0000100000000000100010000000000001000000000001000000000000100010000000000000000100000001000100000000  1
0000100000001000000000000000010000001000000100000010000000000000000010010000000000000100000000000100  1
0000100000001000000000000000010000001000010000000000000100000000000010100000000000000001000001000000  1
0000100000001000000000000000010000010000000100000000000000101000000000000000010001000000000000001000  1
0000100000001000000000000000010000010000010000000000000000100000001000000100000000000001001000000000  1
0000100000001000000000000000010001000000000000100000000000100100000000000001000000000001001000000000  1
0000100000001000000000000000100000001000000000000101000000000000010000000000010010000000000001000000  1
0000100000001000000000000000100000001000010000000000010000001000000000000000000100000001000000010000  1
0000100000001000000000000000100000010000000000000101000000000000001000100000000000010000000000000100  1
0000100000001000000000000000100000010000000000010001000000000001000000100000000000000010000000000001  1
0000100000001000000000000000100001000000000000000100000001000000010000010000000000000010001000000000  1
0000100000001000000000000000100001000000010000000000000001000000000001000000100010000000000000010000  1
0000100000001000000000000001000000000001010000000000010000001000000000000000100000000000100000010000  1
0000100000001000000000000001000000010000010000000000000000101000000000000100000000000010000000000001  1
0000100000001000000000000001000001000000000000100010000000000000000001010000000000000100000000000010  1
0000100000001000000000000100000000000001000000100000010000001000000000000000010001000000000000000010  1
0000100000001000000000000100000000000001000000100001000000000001000000000000010010000000000000000010  1
0000100000001000000000000100000000000010000000100010000000000001000000010000000000000001000000000001  1
0000100000001000000000000100000000000010010000000000000001001000000000000100000000000010000000000001  1
0000100000001000000000000100000000000010010000000000010000000000001000000000000100000001001000000000  1
0000100000001000000010000000000000000001000000100000000000100001000000010000000000000001000000010000  1
0000100000001000000010000000000000000010000000100001000000000000000001000000010000000100000001000000  1
0000100000010000000000000000010000001000000100000010000000000010000000000000001000000100000000000100  1
0000100000010000000000000000101000000000001000000000000001000000000001000000100000010000000000010000  1
0000100000010000000000000001000000000001000000100000010000001000000000000000001000000100000010000000  1
0000100000010000000000000001000000000001000000100000100000001000000000000000001000010000000000010000  1
0000100000010000000000000001000000000001001000000000000000100000010000000100000010000000000000001000  1
0000100000010000000000000100000000000001001000000000000010000000000010000100000000000001001000000000  1
0000100000010000000000000100000010000000000000000100000010000000000010000100000010000000000000000100  1
0000100000010000000000000100001000000000000000000100000010000000000010001000000000000001000001000000  1
0000100000010000000000010000000000000001000000100000000000100000010000001000000010000000000000000100  1
0000100000010000000000010000000000000001000000100000000000101000000000001000000000000001000000010000  1
0000100000010000000000010000000000000010001000000000000001000000000001000000100010000000000000010000  1
0000100000100000000000000000100000010000001000000000000010000000000001000000010001000000000001000000  1
0000100000100000000000000000100001000000000001000000000001000000000001010000000000000010000010000000  1
0000100000100000000000000001000000000001000000100000010000000100000000000000001000000100000010000000  1
0000100000100000000000000001000000000001001000000000000100000000000010010000000000010000000000001000  1
0000100000100000000000000001000000010000001000000000000000100100000000000100000000000000010000001000  1
0000100000100000000000000001000000010000010000000000000000100000001000000100000000000000010010000000  1
0000100000100000000000000001000001000000000000100000000000100100000000000001000000000000010010000000  1
0000100000100000000000000100000001000000000000000100000001000010000000000000001000000010000100000000  1
0000100000100000000000010000000000000010000000100001000000000000000001001000000000000100000000000100  1
0001000000000000000100000001000000100000001000000010000000000000001000010000000000000100000000000010  1
0001000000000000000100000001000000100000001000000010000000000000010000010000000000000000100000001000  1
0001000000000000000100000010000000100000010000000000000001001000000000001000000000000000100000010000  1
0001000000000000000100000010000100000000000001000000100000001000000000000000010000001000000000000010  1
0001000000000000000100001000000010000000000000001000000010000100000000000000010000000100001000000000  1
0001000000000000000100001000000100000000000000001000000010000010000000000000010000000100001000000000  1
0001000000000000000100100000000000010000000000001001000000000000000100000010000000000010001000000000  1
0001000000000000000110000000000000000010000001000000100000000000001000010000000000000001000000100000  1
0001000000000000001000000010000000100000010000000000000100001000000000000000000100000001000010000000  1
0001000000000000001000000010000010000000100000000000000100000100000000000010000000000000010000000100  1
0001000000000000001000001000000000000001100000000000000100000000000100010000000000000010000010000000  1
0001000000000000001000001000000000000100100000000000100000000000010000010000000000000010000000000001  1
0001000000000000001000001000000010000000100000000000000000010000001000010000000000000100000000000100  1
0001000000000000001000001000000100000000000000000110000000000000010000000000010000100000000000001000  1
0001000000000000001000100000000000000001010000000000000010000000100000100000000000000001000000010000  1
0001000000000000001000100000000000000100000000000110000000000000010000010000000000001000000000001000  1
0001000000000000001000100000000000010000010000000000000000011000000000000000100000001000000000000100  1
0001000000000000001010000000000000100000000000000101000000000000010000000000010000100000000000001000  1
0001000000000000010000000000010000100000010000000000000100001000000000001000000000000010000000000010  1
0001000000000000010000000000010010000000000001000001000000000000100000100000000000000000100000001000  1
0001000000000000010000001000000000000010100000000000000000010000001000001000000000000100000100000000  1
0001000000000000010000001000000000000010100000000000000000010100000000000001000000100000000000001000  1
0001000000000000010000001000000010000000000000000100000010000100000000000001000000000000101000000000  1
0001000000000000010000001000000010000000000000000100000100000100000000000000001000000010001000000000  1
0001000000000000010000001000000010000000100000000000000000010000001000000000001000000100000100000000  1
0001000000000000010000001000000010000000100000000000000000010100000000000001000000000000100000001000  1
0001000000000000010000001000000100000000000000000110000000000000001000000000001000100000000000010000  1
0001000000000000010000001000000100000000000001000000000000010000001000100000000000100000000000000010  1
0001000000000000010000100000000000000010000000100000000000011000000000000001000001000000000000100000  1
0001000000000000010000100000000000000010000001000000000000011000000000000000100000001000000100000000  1
0001000000000000010000100000000000100000000000000110000000000000000010000001000001000000000000001000  1
0001000000000000010000100000000000100000000000001001000000000000010000000000000100000010001000000000  1
0001000000000000010000100000000000100000000000001010000000000000010000000000000100000010000100000000  1
0001000000000000010000100000000000100000000000001010000000000000010000000000000101000000000000001000  1
0001000000000000010000100000000000100000000000100000000000011000000000000001000001000000000000000010  1
0001000000000000010010000000000000000010000001000001000000000000001000000000000100100000000000100000  1
0001000000000000010010000000000000000010010000000000001000000000001000000000000100100000000000010000  1
0001000000000000010010000000000000100000000000000101000000000000010000001000000000000000100000001000  1
0001000000000000010010000000000000100000000000001001000000000000010000000000000100100000000000001000  1
0001000000000000100000000000010010000000000000001001000000000000100000000000010000000100001000000000  1
0001000000000000100000000000010010000000000010000000000001001000000000000000001000000100000100000000  1
0001000000000000100000000000010010000000000010000000000001001000000000000000001001000000000000010000  1
0001000000000000100000000000010100000000000010000000000001001000000000001000000000000100000000000010  1
0001000000000000100000000000100000010000001000000010000000000000000100000010000001000000000000000001  1
0001000000000000100000000000100000010000010000000000000000011000000000001000000000001000000000000100  1
0001000000000000100000000000100000010000010000000000001000001000000000000000010000000000010010000000  1
0001000000000000100000000000100100000000000001000010000000000010000000000010000000000001000000000001  1
0001000000000000100000000000100100000000000010000000000001001000000000001000000000000000010000010000  1
0001000000000000100000001000000000000001010000000000000100000000000100001000000010000000000000000010  1
0001000000000000100000001000000010000000100000000000000000010000000100000001000000000000100100000000  1
0001000000000000100000100000000000000001000001000001000000000000000010000010000010000000000000000100  1
0001000000000000100000100000000000000001000001000010000000000000000010000010000000000001000100000000  1
0001000000000000100000100000000000010000010000000000000000011000000000000000001000001000000000000100  1
0001000000000000100010000000000000010000000000001001000000000000000100000010000000100000000000000001  1
0001000000000000100010000000000000010000010000000000000000010000000100001000000000001000000000000010  1
0001000000000001000000000000010000100000000000100010000000000010000000000000010001000000000000000010  1
0001000000000001000000000000010000100000010000000000000001000010000000000000100000000000101000000000  1
0001000000000001000000000000010010000000000010000000000001000100000000000000001000000010001000000000  1
0001000000000001000000000000010010000000100000000000000001000000100000010000000000000000100000001000  1
0001000000000001000000000000100000100000000000000110000000000000001000010000000000000001000010000000  1
0001000000000001000000000000100000100000000000000110000000000010000000000000010001000000000000001000  1
0001000000000001000000000000100010000000000000000100000001000100000000000010000000000010001000000000  1
0001000000000001000000000000100010000000000000000100000010000100000000000000010000001000001000000000  1
0001000000000001000000000000100010000000100000000000000001000100000000000010000000000010000000000001  1
0001000000000001000000000001000000000001010000000000000010000000000010100000000000100000000000100000  1
0001000000000001000000000001000000000001010000000000000010000010000000100000000000000000100000100000  1
0001000000000001000000000001000100000000000010000010000000000000000010000000100000000000010010000000  1
0001000000000001000000100000000000000001000000100000001000000100000000000000001010000000000000000100  1
0001000000000001000000100000000000000001000000100010000000000000000100000010000001000000000000000010  1
0001000000000001000000100000000000000001010000000000000010000000000010100000000000000001000000100000  1
0001000000000001000000100000000000000010010000000000000001000000100000000000100000000000011000000000  1
0001000000000001000010000000000000000001000000100000001000000000000100010000000000000000100010000000  1
0001000000000001000010000000000000000001000010000000000010000000000010001000000000000001000100000000  1
0001000000000001000010000000000000000010000000100000100000000000000100010000000000001000000000000001  1
0001000000010000000000000000010000010000000000001000001000000000000100100000000000100000000000001000  1
0001000000010000000000000000100000010000000000000100000010001000000000001000000000001000000000000100  1
0001000000010000000000000000100000010000001000000000000000010000000100100000000000001000000000001000  1
0001000000010000000000000000100000100000000000000100000001000000010000001000000010000000000000001000  1
0001000000010000000000000001000000000001000000100000100000000000010000000000001010000000000000100000  1
0001000000010000000000000001000000000001100000000000100000000000010000000000001000000010000000100000  1
0001000000010000000000000001000000010000000000001010000000000000100000000000100000000000010010000000  1
0001000000010000000000000001000000100000000000001010000000000000010000000000000100100000000000001000  1
0001000000010000000000000001000010000000000000001000000010000000100000000000000110000000000000010000  1
0001000000010000000000000010000000000001000001000010000000000000000010000010000000100000000000000100  1
0001000000010000000000000010000000000010000001000000100000001000000000000000000100000001000000100000  1
0001000000010000000000000010000000100000000000000110000000000000000010000001000000000001000010000000  1
0001000000010000000000001000000000000010100000000000000000010000000100000001000000100000000000001000  1
0001000000010000000000001000000000000100000000000100100000000000010000000000001000000010001000000000  1
0001000000100000000000000001000000000001010000000000000100000010000000000000001000000010000000100000  1
0001000000100000000000000001000000010000010000000000000000010000001000000000001000100000000000100000  1
0001000000100000000000000010000000000001000001000001000000000000000010000010000000100000000000000100  1
0001000000100000000000000010000000000010010000000000000001000000100000001000000000000000010000010000  1
0001000000100000000000001000000000000100000000000100100000000000001000000000001001000000000000010000  1
0010000000000000000100000001000000100000010000000000010000001000000000000000100000000000100000010000  1
0010000000000000000100000001000100000000000100000000000000100000001000000010000010000000000000010000  1
0010000000000000000100000001001000000000000010000001000000000000010000000000001000000010000001000000  1
0010000000000000000100000010000000000010100000000000001000000100000000000000010000000100000001000000  1
0010000000000000000100000010000000100000100000000000000000100000010000000000010001000000000001000000  1
0010000000000000000100000010000001000000010000000000000000100000010000100000000000001000000000000100  1
0010000000000000000100000010000001000000100000000000001000000100000000000000001000000100000000000100  1
0010000000000000000100000010000100000000000100000010000000000000000100000010000000000000100000010000  1
0010000000000000000100000100000100000000000000001000000010000001000000000000010010000000000000100000  1
0010000000000000000100000100000100000000000000001000001000001000000000000000010000010000000000001000  1
0010000000000000000100010000000000000010100000000000001000000000001000010000000000000100000000000100  1
0010000000000000000100010000000000001000000000001001000000000000010000000000010010000000000000100000  1
0010000000000000000101000000000000000010000001000000010000001000000000000000010000001000000000001000  1
0010000000000000001000000100000000000001010000000000000010001000000000000100000000000001000000100000  1
0010000000000000001000000100000000000100010000000000010000001000000000000000100000001000000000000001  1
0010000000000000001001000000000000000001000010000000000010001000000000000100000000000100000000000100  1
0010000000000000001001000000000000000100000010000000000010000000000001100000000000000100000001000000  1
0010000000000000010000000000010001000000000000001010000000000000100000000000100001000000000000010000  1
0010000000000000010000000000011000000000000001000001000000000000100000000000100000000000100001000000  1
0010000000000000010000000100000000000010010000000000001000001000000000000100000000000010000000000001  1
0010000000000000010000000100000000000010100000000000000000010000100000000000100001000000000001000000  1
0010000000000000010000000100000100000000000000000100001000001000000000000100000000000000100000001000  1
0010000000000000010000000100000100000000000000001000001000001000000000000100000000000000010000001000  1
0010000000000000010000000100001000000000000000000100001000000000001000000000001000010000000100000000  1
0010000000000000010000000100001000000000000000001001000000000000100000000000100000010000000000000001  1
0010000000000000010000010000000000001000000000001001000000000000100000100000000000000100000000000001  1
0010000000000000010001000000000000001000100000000000000000010000100000000000001000000100000001000000  1
0010000000000000100000000000010001000000000000001010000000000000100000010000000000000001000000010000  1
0010000000000000100000000000100001000000000001000010000000000000000001010000000000001000000000000100  1
0010000000000000100000000000100001000000100000000000001000000000000001010000000000000100000000000100  1
0010000000000000100001000000000000000001000000010000000100000001000000000000001010000000000000100000  1
0010000000000000100001000000000000000100000001000010000000000000000001000010000000000000100001000000  1
0010000000000000100001000000000001000000000000010000000000010000100000000000001000000100001000000000  1
0010000000000001000000000000010000001000010000000000010000000000000100100000000000001000000000000010  1
0010000000000001000000000000010000100000010000000000000000100000001000000100000000000001001000000000  1
0010000000000001000000000000010000100000010000000000000000100000001000000100000010000000000000000100  1
0010000000000001000000000000100000001000000100000010000000000000000100010000000000001000000000000001  1
0010000000000001000000000000100000001000010000000000010000000000000100100000000000001000000000000001  1
0010000000000001000000000000100000001000100000000000010000000100000000000010000000000001000000000001  1
0010000000000001000000000000100000100000000000010010000000000001000000010000000000000010000000000001  1
0010000000000001000000000000100100000000000000010010000000000001000000000000100000001000000000000001  1
0010000000000001000000000000100100000000000100000000000010000000000001000000010000001000001000000000  1
0010000000000001000000000000100100000000000100000000000010000000000001000000010010000000000000100000  1
0010000000000001000000000000101000000000000000000100001000000000001000010000000000010000000000000100  1
0010000000000001000000000000101000000000000000010000010000000100000000000000100000001000000000000001  1
0010000000000001000000000000101000000000000100000000000010000000000001000000010001000000000000100000  1
0010000000000001000000000000101000000000000100000000000010000000000001010000000000001000000000000100  1
0010000000000001000000000001000000000001000100000010000000000000100000010000000000000000100000001000  1
0010000000000001000000000001000000000001100000000000000000100000100000010000000000010000000000001000  1
0010000000000001000000000001000000100000100000000000010000000000000001000000100000000000100100000000  1
0010000000000001000000000001001000000000000100000000000010000000000001010000000000000000100000100000  1
0010000000000001000000010000000000000001100000000000000000100000100000000000010001000000000000001000  1
0010000000000001000001000000000000000001100000000000000000100000100000000000010000010000000000001000  1
0010000000000010000000000000010000000100000100000001000000000000001000000000001000000100001000000000  1
0010000000000010000000000000100001000000000000000100000010000100000000000001000000000001001000000000  1
0010000000000010000000000000100001000000000001000000000000010100000000000000100010000000000000000100  1
0010000000000010000000000000100001000000100000000000000000010000000100000001000001000000000000001000  1
0010000000000010000000000000100100000000000000000100000010000001000000100000000000000001000000010000  1
0010000000000010000000000000101000000000000001000000000000010000001000010000000000010000000000000100  1
0010000000000010000000000001000100000000000000001000000010001000000000000100000000000100000000000001  1
0010000000000010000000000001001000000000000000001000010000000100000000000000100000000000010000010000  1
0010000000000010000000000010000000000001000100000000000100001000000000000000001001000000000000000100  1
0010000000000010000001000000000000000010000001000000000000010000001000000100000010000000000000000100  1
0010000000000010000001000000000000000100000000000100000010000001000000100000000000000000100000010000  1
0010000000100000000000000100000000000010000010000000000000010000000100000100000001000000000000001000  1
0100000000000000000100000001000010000000000010000000000000101000000000000001000000010000000000001000  1
0100000000000000000100000010000001000000100000000000100000000000000010000001000000000001000000100000  1
0100000000000000000100100000000000001000000000001000010000001000000000000010000000000001000000010000  1
0100000000000000001000000010000000000001000100000010000000000000100000000000010000000100000010000000  1
0100000000000000001000000010000010000000000000000100000001000000100000100000000000010000000000010000  1
0100000000000000001000000100000000000100000000000110000000000010000000000010000000000010000001000000  1
0100000000000000001000000100000010000000000000000100010000001000000000000000010000001000000000001000  1
0100000000000000001000000100001000000000001000000000000000010000001000000100000000000001000000100000  1
0100000000000000001000001000000000000001100000000000010000000000010000000000010000100000000000001000  1
0100000000000000001000100000000000000001000000100000010000001000000000000010000000000001000000010000  1
0100000000000000001000100000000000000100000000000100010000000000010000100000000000001000000000001000  1
0100000000000000001010000000000000000100000010000000100000000000000001000000100000010000000000010000  1
0100000000000000010000000000010001000000100000000000001000000000000010000001000000100000000000001000  1
0100000000000000010000000000010010000000000000001000000100000001000000100000000000000010000000100000  1
0100000000000000010000000100000000000010001000000010000000000001000000000000100000001000000000000001  1
0100000000000000010000001000000000000010100000000000000100000000000001001000000000000010000001000000  1
0100000000000000010000100000000000000010000000100000001000000000000001100000000000000100000001000000  1
0100000000000000100000000000010000010000001000000010000000000001000000000000010000001000000000000010  1
0100000000000000100000000000010000010000100000000000000000100000100000001000000000000001000001000000  1
0100000000000000100000000000010001000000100000000000000001000000100000001000000000000100000000000010  1
0100000000000000100000000000100010000000000000010000000000010001000000000001000010000000000000100000  1
0100000000000000100000001000000000000100100000000000010000000000000001001000000000000100000000000010  1
0100000000000000100000001000000010000000000000001000010000000000000001000000010000000100001000000000  1
0100000000000001000000000000010010000000000000100000000000100001000000100000000000001000000000000100  1
0100000000000001000000000000100000001000000000000110000000000010000000000010000000000001000001000000  1
0100000000000001000000000000101000000000000000010000001000000010000000000000000100000010000001000000  1
0100000000000001000000000001000010000000000000100000010000000000000001100000000000000000100000100000  1
0100000000000001000000000001000010000000100000000000000000100000100000000000000100010000000000001000  1
0100000000000001000000100000000000000001000000010000001000000000000010000100000010000000000000001000  1
0100000000000001000000100000000000001000000000000100000001000000100000100000000000010000000000000010  1
0100000000000001000000100000000000001000000000000110000000000000000010000010000000000001000001000000  1
0100000000000010000000000000010000000100100000000000010000000000001000001000000000000100000000000010  1
0100000000000010000000000000100001000000000000000100000001000000010000001000000010000000000000001000  1
0100000000000010000000000000101000000000000000000100010000000000001000001000000000000001000000010000  1
0100000000000010000000000001000000000001001000000000000100000000000010100000000000010000000000001000  1
0100000000000010000000000001000000010000000000001000100000001000000000000000100000010000000000000001  1
0100000000000010000000000001000000010000000000001000100000001000000000000100000000000010000000000001  1
0100000000000010000000000001000000010000001000000000000000010000001000100000000000010000000000000010  1
0100000000000010000000000001000001000000000000100000000000010010000000100000000000000100000000000010  1
0100000000000010000000000001001000000000000000100000000000010010000000000001000000010000000000000010  1
0100000000000010000000000010000000000010000100000000000001001000000000001000000000000100000000000001  1
0100000000000010000000000010000001000000000000000100100000000000000010000001000000000001001000000000  1
0100000000000010000000000010001000000000000000000100000100000000000010001000000000000001000001000000  1
0100000000000100000000000000010000001000000000001000000100000010000000100000000000000001000000100000  1
0100000000000100000000000000100000001000000010000000000000011000000000000001000000000001000010000000  1
0100000000000100000000000001000000000001000010000000000000100000010000100000000000100000000000001000  1
0100000000000100000000000001000010000000000000001000000100000000000001100000000000000010000000100000  1
0100000000000100000000000100000000000100000000000110000000000010000000000010000000000010000000000010  1
1000000000000000000100000010000000100000000000010001000000000000000010001000000000000100000001000000  1
1000000000000000000100001000000000001000000000001000100000000000000100010000000000010000000000010000  1
1000000000000000001000000010000010000000000000010001000000000000100000000000000100000100000001000000  1
1000000000000000001000000010000100000000000100000000000001000000000001000010000000100000000000010000  1
1000000000000000001000000100000010000000000000000100000001000000100000010000000000010000000000001000  1
1000000000000000001000000100000100000000000000100000000000010010000000000010000000000001000001000000  1
1000000000000000001000001000000000000001000000010000010000000100000000000000100000100000000000010000  1
1000000000000000010000000000010000001000000100000001000000000000000010000001000000100000000000100000  1
1000000000000000010000000100000000000010001000000000000000010001000000000000100000001000000100000000  1
1000000000000000010000000100000010000000000000001001000000000000100000000000000100010000000000001000  1
1000000000000000010000000100000010000000000000001001000000000001000000000000000100000010000000100000  1
1000000000000000010000000100000100000000000000001000000010000001000000000000000100100000000000100000  1
1000000000000000010000000100000100000000000000100000000000010001000000000000001000001000000010000000  1
1000000000000000010000001000000100000000000000001000100000000000000001000000100000010000000000010000  1
1000000000000000010000010000000000000010000000100000100000000000000001000001000001000000000000100000  1
1000000000000000010000010000000000001000000000001001000000000000010000000000000100100000000000100000  1
1000000000000000010000010000000000001000000000001001000000000000100000000000000100000100000010000000  1
1000000000000000010001000000000000000010000001000000100000000000000001000100000000000010000000100000  1
1000000000000000010001000000000000001000000000000100100000000000100000000000001000010000000000010000  1
1000000000000000010001000000000000001000000000001000100000000000100000000000000100010000000000010000  1
1000000000000000100000000000010000010000010000000000000000100000100000001000000000000001000001000000  1
1000000000000000100000000000100000010000001000000000000000010000000100000010000001000000000001000000  1
1000000000000000100000000000100010000000000000010001000000000001000000000001000000000000010000100000  1
1000000000000000100000000000100100000000000000010000001000000010000000000000000100000100000001000000  1
1000000000000000100000000000100100000000000001000000000000010010000000000010000000000001000001000000  1
1000000000000000100000001000000000000100010000000000000000100000010000001000000000000000010001000000  1
1000000000000000100000001000000100000000000000010000000000010010000000000000001000000100000001000000  1
1000000000000000100000010000000000000001000000010001000000000000100000001000000000000100000000000010  1
1000000000000000100000010000000000010000000000001001000000000000000001000010000000100000000000000100  1
1000000000000000100001000000000000010000000000010000000000010001000000000000001000100000000000100000  1
1000000000000001000000000000010010000000000000100000000000100001000000010000000000001000000000000100  1
1000000000000001000000000000100000001000010000000000010000000000000100000000000100001000000010000000  1
1000000000000001000000000000100000100000000000000100000001000001000000010000000000000010000010000000  1
1000000000000001000000000000100010000000000000000100000010000001000000010000000000001000000000000100  1
1000000000000001000000000000100010000000000000010000010000000100000000000000000100001000000000001000  1
1000000000000001000000000001000000000001000100000000000000100010000000000010000000000010000100000000  1
1000000000000001000000000001000000100000010000000000000000100010000000000000000100000010000001000000  1
1000000000000001000000000001000010000000000000100000000000100100000000000010000000000000010001000000  1
1000000000000001000000000001000100000000000000100000000000100010000000000010000000000000010001000000  1
1000000000000001000000010000000000000001000000100000000000100010000000000010000001000000000000000100  1
1000000000000001000000010000000000000010000000100000100000000000000001010000000000001000000000000100  1
1000000000000001000000010000000000001000000000000100000001000100000000000010000000100000000000000010  1
1000000000000001000000010000000000001000000000000100100000000000000010010000000000001000000000000100  1
1000000000000010000000000000010000010000000000001001000000000001000000000000100000100000000000000100  1
1000000000000010000000000001000000000001000000100000010000000100000000000000001000000100000010000000  1
1000000000000010000000000001000000000001001000000000000010000100000000000100000000000100000000000010  1
1000000000000010000000000001000100000000000000100000000000010010000000000000001000000100000001000000  1
1000000000000010000000000010000000000001000100000001000000000000000010001000000000000100000000000100  1
1000000000000010000000000010000100000000000000000100000001000001000000000000001000100000000000010000  1
1000000000000100000000000000010000001000000000001000100000000000100000010000000000000001000000010000  1
1000000000000100000000000000100000001000000000000100100000000000010000010000000000001000000000000100  1
1000000000000100000000000000100000001000010000000000000000010010000000000001000000000001000000100000  1
1000000000000100000000000000100000100000000000010000000000010010000000000001000001000000000000001000  1
1000000000000100000000000010000000000001000000010000001000000100000000000000001000100000000000010000  1
1000000000000100000000000010000000000001000000010000100000000000100000000000001001000000000000010000  1
1000000000000100000000000010000000000001000000010001000000000000100000001000000000000100000000000010  1
1000000000000100000000000010000000000001000001000000000000100100000000000010000000100000000000000100  1
1000000000000100000000000010000000000001001000000000000000100100000000000010000000000001000000010000  1
1000000000000100000000000010000000000001010000000000000000100000100000001000000000000001000000010000  1
1000000000000100000000000100000000000010001000000000000000010000000100010000000000001000000000001000  1
1000000000001000000000000000100000001000000000000100010000000100000000000010000000000001000000010000  1
1000000000001000000000000100000000000010000000100000000000010001000000010000000000000001000000100000  1
1000000000001000000000000100000000000010000000100000000000010001000000010000000000001000000000000100  1
1000000000001000000000000100000000000100000000000100001000000000000010010000000000010000000000001000  1
