0000001000010000100001000000000001000010000100000  1
0000001000100010000000000100010000000000100010000  1
0000001001000000000100100000000010010000000001000  1
0000001010000000010000000010100000000100000000100  1
0000010000100000000011000000001000000001000100000  1
0000010000100001000000000001000010000100001000000  1
0000010001000000000010001000100000000001000100000  1
0000010001000000001000000001100000000010000100000  1
0000010001000010000000001000000000100001000100000  1
0000010010000000001001000000000100000000010010000  1
0000010100000000100000000100000000101000000001000  1
0000100000000101000000000010001000010000000001000  1
0000100000000101000000001000000001010000000010000  1
0000100001000010000000000010000100001000000000001  1
0000100010000000000100010000000000100010001000000  1
0000100100000000000100001000010000000000010010000  1
0000100100000000010000000001001000000000100100000  1
0001000000000100001000100000000001010000000010000  1
0001000000000100100000000010010000000001001000000  1
0001000000001010000000010000000010000000010100000  1
0001000010000000000010000100001000010000000000010  1
0001000100000000001000100000000001000100000000001  1
0001000100000000100000000010010000000000010000100  1
0010000000000100010001000000000010001000000000010  1
0010000000000101000000001000000001010000000000100  1
0010000000001001000000000100100000000010000000001  1
0010000000010000000010100000000100000000101000000  1
0010000100000000000100001000010000000000010000100  1
0010000100000000000100100000000010000000010001000  1
0100000000000100001000010000100000000000100001000  1
0100000000001000100000000001000100010000000000100  1
0100000000010000000010001000100000000100000000010  1
0100000000010000100001000000000000100010000000010  1
0100000000010010000000001000000000100100000000010  1
0100000000100000000101000000001000000001000000001  1
0100000000100010000000000001000010000100000000010  1
1000000000001000010000100000000000100001000010000  1
1000000000010001000000000010001000000000010001000  1
1000000000100000000010010000000001001000000000100  1
1000000001000000001000000001010000000010000000010  1
